weather_336_96_TimeEnc_custom_ftM_sl336_ll48_pl96_dm512_nh8_el2_dl1_df2048_fc1_ebtimeF_dtTrue_Exp_0  
1.2387415
0.08771419
0.2719057
0.15720493
0.43546945
0.1944363
0.52895963
0.17987211
0.0957601
0.11775169
0.17566152
0.0036846504
0.80676323
0.52908915
0.05968869
1.0233823
0.12663893
0.10675541
0.045599047
0.1839663
0.029339194


=====================================================
weather_336_192_TimeEnc_custom_ftM_sl336_ll48_pl192_dm512_nh8_el2_dl1_df2048_fc1_ebtimeF_dtTrue_Exp_0  
1.3033078
0.14507948
0.39348313
0.2366895
0.5489436
0.29852277
0.62042
0.24744718
0.15290728
0.1829815
0.2979848
0.005729416
0.82908094
0.55457187
0.05662092
1.0320637
0.14858553
0.1150619
0.050535847
0.28469792
0.043361776


=====================================================
weather_336_336_TimeEnc_custom_ftM_sl336_ll48_pl336_dm512_nh8_el2_dl1_df2048_fc1_ebtimeF_dtTrue_Exp_0  
1.4185202
0.24798289
0.5662481
0.3513823
0.65415955
0.4519926
0.7478191
0.32577845
0.24244158
0.28262335
0.46254048
0.0073220865
0.81243867
0.5823448
0.055468857
1.0385205
0.15727334
0.11773739
0.05152646
0.43907174
0.04428219


=====================================================
weather_336_720_TimeEnc_custom_ftM_sl336_ll48_pl720_dm512_nh8_el2_dl1_df2048_fc1_ebtimeF_dtTrue_Exp_0  
1.42477
0.41267678
0.81856793
0.55887425
0.6370102
0.66699755
1.0075362
0.3965054
0.41119438
0.4849957
0.6798205
0.0074908216
0.873759
0.6520087
0.052225515
1.0225276
0.17652419
0.116029
0.0461022
0.6419016
0.04126587


=====================================================
weather_336_96_TimeEnc_ADD_custom_ftM_sl336_ll48_pl96_dm512_nh8_el2_dl1_df2048_fc1_ebtimeF_dtTrue_Exp_0  
0.35429293
0.21649048
0.10824337
0.11808445
0.24021749
0.2605552
0.09914942
0.0971834
0.10332149
0.13990164
0.1694554
0.0065164715
0.5300197
0.4178886
0.070859306
1.1722202
0.11889152
0.1009457
0.08779671
0.3946013
0.003238072


=====================================================
weather_336_192_TimeEnc_ADD_custom_ftM_sl336_ll48_pl192_dm512_nh8_el2_dl1_df2048_fc1_ebtimeF_dtTrue_Exp_0  
0.5629694
0.29596022
0.15951575
0.16897528
0.305845
0.3053748
0.1411023
0.13192014
0.1406019
0.17243288
0.2513835
0.005577989
0.5812798
0.4327512
0.067950234
1.1911803
0.12938014
0.11272865
0.06390167
0.46380356
0.0028757632


=====================================================
weather_336_336_TimeEnc_ADD_custom_ftM_sl336_ll48_pl336_dm512_nh8_el2_dl1_df2048_fc1_ebtimeF_dtTrue_Exp_0  
0.8155402
0.3804952
0.22336495
0.23786147
0.35007006
0.3460866
0.1980473
0.154672
0.19456537
0.2253021
0.3427012
0.005134266
0.5965419
0.45276043
0.06760851
1.1924213
0.13451499
0.12201123
0.054048523
0.53254116
0.002693605


=====================================================
weather_336_720_TimeEnc_ADD_custom_ftM_sl336_ll48_pl720_dm512_nh8_el2_dl1_df2048_fc1_ebtimeF_dtTrue_Exp_0  
1.1003152
0.5045784
0.31461364
0.33372387
0.39513692
0.41423798
0.27681753
0.18896379
0.2682834
0.2821841
0.44632047
0.0044864407
0.60725135
0.48350897
0.06814052
1.1903113
0.14713818
0.14235847
0.042865936
0.6446167
0.0028258618


=====================================================
weather_336_96_TimeEnc_INDV2_custom_ftM_sl336_ll48_pl96_dm512_nh8_el2_dl1_df2048_fc1_ebtimeF_dtTrue_Exp_0  
1.6812565
0.13172571
0.118633464
0.26511008
1.2142057
0.08009152
0.16641507
0.24764393
0.1632922
0.16556785
0.1849806
0.0017413853
0.6764653
0.41604784
0.05306787
1.0289402
0.22567211
0.21981773
0.16505025
0.14332281
0.00740129


=====================================================
weather_336_192_TimeEnc_INDV2_custom_ftM_sl336_ll48_pl192_dm512_nh8_el2_dl1_df2048_fc1_ebtimeF_dtTrue_Exp_0  
1.5804892
0.23321031
0.21829367
0.23373066
1.286159
0.13982399
0.16301805
0.31069523
0.16063796
0.16157502
0.26010105
0.0013784686
0.6910795
0.4151343
0.054538295
1.0285782
0.22521797
0.22137095
0.16585375
0.2440802
0.005859596


=====================================================
weather_336_336_TimeEnc_INDV2_custom_ftM_sl336_ll48_pl336_dm512_nh8_el2_dl1_df2048_fc1_ebtimeF_dtTrue_Exp_0  
1.6133784
0.32018223
0.308704
0.2657299
1.2537129
0.19278674
0.19560231
0.31802136
0.19458684
0.19527832
0.36435354
0.0010766715
0.6727284
0.41992018
0.054749876
1.0214926
0.21929099
0.21613277
0.16157283
0.32952273
0.006752749


=====================================================
weather_336_720_TimeEnc_INDV2_custom_ftM_sl336_ll48_pl720_dm512_nh8_el2_dl1_df2048_fc1_ebtimeF_dtTrue_Exp_0  
1.4855856
0.49217743
0.4773929
0.31786194
1.2964851
0.306818
0.25143027
0.38718286
0.25003806
0.25080132
0.505211
0.0016170888
0.6590598
0.4286156
0.055604875
1.0008391
0.24822141
0.2472243
0.18604368
0.500967
0.008341872


=====================================================
weather_336_96_TimeEnc_INDV2_ConcAsFeat_custom_ftM_sl336_ll48_pl96_dm512_nh8_el2_dl1_df2048_fc1_ebtimeF_dtTrue_Exp_0  
1.5919212
0.17855172
0.15654399
0.21554723
1.28763
0.107576214
0.14003171
0.2714443
0.13708976
0.1358892
0.19978584
0.0020887998
0.6814001
0.4170428
0.052616145
1.0323013
0.21358152
0.21185292
0.16213785
0.19825573
0.010079101


=====================================================
weather_336_192_TimeEnc_INDV2_ConcAsFeat_custom_ftM_sl336_ll48_pl192_dm512_nh8_el2_dl1_df2048_fc1_ebtimeF_dtTrue_Exp_0  
1.6010596
0.22909884
0.20843796
0.24019296
1.2387007
0.13630386
0.16748843
0.28656888
0.16641857
0.16575782
0.25092542
0.0023007563
0.6771626
0.41670072
0.05380107
1.0254982
0.22050732
0.21583906
0.16435044
0.24799813
0.010708706


=====================================================
weather_336_336_TimeEnc_INDV2_ConcAsFeat_custom_ftM_sl336_ll48_pl336_dm512_nh8_el2_dl1_df2048_fc1_ebtimeF_dtTrue_Exp_0  
1.6728504
0.2959773
0.2800541
0.2939657
1.2801391
0.17478746
0.21028389
0.29441452
0.20892824
0.21008779
0.3371879
0.0015444169
0.6615806
0.4209171
0.053832337
1.01955
0.21585415
0.21272908
0.15709
0.3037265
0.007378518


=====================================================
weather_336_720_TimeEnc_INDV2_ConcAsFeat_custom_ftM_sl336_ll48_pl720_dm512_nh8_el2_dl1_df2048_fc1_ebtimeF_dtTrue_Exp_0  
1.5086155
0.4231369
0.4067813
0.32604268
1.2864918
0.2546848
0.24802725
0.34911296
0.2467906
0.24758488
0.44113594
0.0014316038
0.64051485
0.42778587
0.05519545
1.0022075
0.2388646
0.23694298
0.1760387
0.4340522
0.008497871


=====================================================
weather_336_96_TimeEnc_INDV2_ADD_custom_ftM_sl336_ll48_pl96_dm512_nh8_el2_dl1_df2048_fc1_ebtimeF_dtTrue_Exp_0  
1.6412399
0.12095844
0.1142043
0.45504892
1.3203144
0.07146112
0.33184066
0.18264368
0.33411598
0.3288208
0.18604656
0.0029231154
0.6936075
0.41979596
0.052925177
1.0303943
0.19188105
0.18620856
0.14197953
0.1069118
0.0123702455


=====================================================
weather_336_96_TimeEnc_SHARED_custom_ftM_sl336_ll48_pl96_dm512_nh8_el2_dl1_df2048_fc1_ebtimeF_dtTrue_Exp_0  
0.15974435
0.095881
0.09610602
0.09925627
0.36043942
0.07617532
0.08372702
0.11604097
0.08700752
0.08392415
0.10444902
0.022852981
0.5687173
0.41785783
0.13772263
1.0769703
0.12936778
0.125692
0.14037514
0.10923387
0.102439806


=====================================================
weather_336_192_TimeEnc_SHARED_custom_ftM_sl336_ll48_pl192_dm512_nh8_el2_dl1_df2048_fc1_ebtimeF_dtTrue_Exp_0  
0.39125642
0.19665076
0.19678694
0.1729562
0.4655063
0.16803011
0.15585767
0.20193444
0.15403675
0.1538524
0.20958851
0.01148267
0.61187863
0.4314569
0.11148059
1.1362647
0.17425224
0.17180324
0.1402234
0.23002638
0.053094942


=====================================================
weather_336_336_TimeEnc_SHARED_custom_ftM_sl336_ll48_pl336_dm512_nh8_el2_dl1_df2048_fc1_ebtimeF_dtTrue_Exp_0  
0.6304541
0.32648435
0.3228924
0.2571602
0.5568679
0.24684244
0.2409076
0.2155312
0.23984945
0.24189919
0.35170415
0.041807216
0.62783176
0.45311946
0.12244997
1.1668857
0.15758266
0.15764908
0.13854806
0.34340376
0.12744394


=====================================================
weather_336_720_TimeEnc_SHARED_custom_ftM_sl336_ll48_pl720_dm512_nh8_el2_dl1_df2048_fc1_ebtimeF_dtTrue_Exp_0  
0.9710509
0.5852207
0.57464147
0.44439402
0.65009236
0.4557571
0.4513413
0.32089153
0.44781816
0.44741303
0.583186
0.025457917
0.6234401
0.47436172
0.12933257
1.1410505
0.1951607
0.19446579
0.15911736
0.5667147
0.09548993


=====================================================
weather_336_96_HourEnc_INDV2_custom_ftM_sl336_ll48_pl96_dm512_nh8_el2_dl1_df2048_fc1_ebtimeF_dtTrue_Exp_0  
0.1901537
0.08862883
0.08792015
0.124566704
0.33369687
0.051874798
0.08475031
0.058101706
0.079617426
0.09578387
0.10592746
0.0020538766
0.58193237
0.38557038
0.05823651
1.0241078
0.0652577
0.06047945
0.05304375
0.08456825
0.011739418


=====================================================
weather_336_192_HourEnc_INDV2_custom_ftM_sl336_ll48_pl192_dm512_nh8_el2_dl1_df2048_fc1_ebtimeF_dtTrue_Exp_0  
0.41059396
0.1416042
0.14509621
0.16237947
0.41416717
0.075419895
0.12936687
0.07696081
0.126947
0.12574056
0.17527041
0.0012978789
0.6133257
0.3891689
0.060352206
1.0414221
0.09103662
0.07306702
0.06900082
0.122705646
0.005649455


=====================================================
weather_336_336_HourEnc_INDV2_custom_ftM_sl336_ll48_pl336_dm512_nh8_el2_dl1_df2048_fc1_ebtimeF_dtTrue_Exp_0  
0.7103811
0.18782479
0.2005385
0.27595663
0.42153764
0.118918255
0.19752349
0.096117795
0.20072037
0.19831379
0.27544087
0.0010647387
0.6069896
0.4269813
0.06015517
1.0462784
0.070414595
0.06814623
0.054001477
0.16219436
0.0062816883


=====================================================
weather_336_720_HourEnc_INDV2_custom_ftM_sl336_ll48_pl720_dm512_nh8_el2_dl1_df2048_fc1_ebtimeF_dtTrue_Exp_0  
0.9852482
0.25767374
0.25909284
0.3201535
0.5383726
0.14888087
0.24464843
0.118251726
0.2485245
0.24533005
0.32224187
0.0012882063
0.66037977
0.4303485
0.058432743
1.0349702
0.081984445
0.06897018
0.06225364
0.22811747
0.02078486


=====================================================
weather_336_96_HourEmbed_INDV2_custom_ftM_sl336_ll48_pl96_dm512_nh8_el2_dl1_df2048_fc1_ebtimeF_dtTrue_Exp_0  
0.18368794
0.08813746
0.092265606
0.108038515
0.37837088
0.051938538
0.08010252
0.07156584
0.080262706
0.077632934
0.11102801
0.0022588002
0.5326047
0.39628875
0.06232383
1.0315205
0.069554575
0.058664374
0.04986826
0.092311926
0.006143353


=====================================================
weather_336_192_HourEmbed_INDV2_custom_ftM_sl336_ll48_pl192_dm512_nh8_el2_dl1_df2048_fc1_ebtimeF_dtTrue_Exp_0  
0.39304414
0.13327844
0.13748
0.17254353
0.40968767
0.082894474
0.12777093
0.08814327
0.12967582
0.13062944
0.1725087
0.0010741024
0.6243003
0.40904367
0.064378895
1.0471377
0.07090129
0.06905171
0.05987982
0.13650368
0.008202229


=====================================================
weather_336_336_HourEmbed_INDV2_custom_ftM_sl336_ll48_pl336_dm512_nh8_el2_dl1_df2048_fc1_ebtimeF_dtTrue_Exp_0  
0.6636916
0.18726958
0.19139369
0.22751433
0.39041895
0.11123272
0.18285488
0.08637183
0.18354324
0.18029958
0.2443616
0.0018695713
0.64616776
0.4142698
0.062358897
1.0564798
0.06639369
0.06053443
0.054197785
0.16296615
0.005727255


=====================================================
weather_336_720_HourEmbed_INDV2_custom_ftM_sl336_ll48_pl720_dm512_nh8_el2_dl1_df2048_fc1_ebtimeF_dtTrue_Exp_0  
0.96301454
0.26205713
0.2711563
0.30459413
0.5573484
0.15407899
0.24361694
0.11287094
0.23914388
0.24740443
0.32172847
0.0010142126
0.6512287
0.42548734
0.060855906
1.0318669
0.07725118
0.077651694
0.055235542
0.23371567
0.0191016


=====================================================
weather_336_96_HourEmbed48_INDV2_custom_ftM_sl336_ll48_pl96_dm512_nh8_el2_dl1_df2048_fc1_ebtimeF_dtTrue_Exp_0  
0.17942601
0.10424387
0.09730478
0.10407484
0.33113712
0.047768217
0.07830291
0.06085916
0.07868523
0.07780942
0.1156967
0.0016319442
0.5332194
0.40833956
0.05974466
1.022928
0.05716731
0.05463151
0.052596256
0.09851026
0.006905948


=====================================================
weather_336_192_HourEmbed48_INDV2_custom_ftM_sl336_ll48_pl192_dm512_nh8_el2_dl1_df2048_fc1_ebtimeF_dtTrue_Exp_0  
0.40910056
0.13661511
0.14362155
0.16937244
0.41735548
0.076749526
0.122083016
0.08320984
0.1233042
0.12301827
0.17761604
0.0011762496
0.6214621
0.40077317
0.058173735
1.0352255
0.06880332
0.06631091
0.06443615
0.13022208
0.005693499


=====================================================
weather_336_336_HourEmbed48_INDV2_custom_ftM_sl336_ll48_pl336_dm512_nh8_el2_dl1_df2048_fc1_ebtimeF_dtTrue_Exp_0  
0.6934927
0.18933913
0.19327259
0.24317563
0.4500168
0.11084666
0.18100028
0.096212044
0.17688657
0.18218218
0.25207064
0.0012492045
0.6261109
0.40004784
0.058537345
1.0633934
0.07328729
0.07394057
0.06311813
0.17203717
0.0040366515


=====================================================
weather_336_720_HourEmbed48_INDV2_custom_ftM_sl336_ll48_pl720_dm512_nh8_el2_dl1_df2048_fc1_ebtimeF_dtTrue_Exp_0  
0.97071236
0.2840301
0.27609083
0.31905952
0.60065866
0.16350605
0.2498879
0.13096358
0.24615782
0.247177
0.32141244
0.0017762478
0.6388093
0.4226769
0.057384312
1.0145729
0.07462048
0.075649776
0.05850063
0.25132588
0.016306132


=====================================================
weather_336_96_HourDay48_INDV2_custom_ftM_sl336_ll48_pl96_dm512_nh8_el2_dl1_df2048_fc1_ebtimeF_dtTrue_Exp_0  
0.15623502
0.09026083
0.09424638
0.10723126
0.28677043
0.049171653
0.07859442
0.06107362
0.07857189
0.08401024
0.11586767
0.00149232
0.5119484
0.3988964
0.06534414
1.0289375
0.062070392
0.058781885
0.04788775
0.08812658
0.010872053


=====================================================
weather_336_192_HourDay48_INDV2_custom_ftM_sl336_ll48_pl192_dm512_nh8_el2_dl1_df2048_fc1_ebtimeF_dtTrue_Exp_0  
0.4109505
0.1346904
0.1425957
0.1554483
0.36944824
0.07263216
0.12899382
0.07077862
0.12958325
0.1298476
0.17763767
0.0013263199
0.60370076
0.3823254
0.059389357
1.0458515
0.0719166
0.060623627
0.053964693
0.1282978
0.007064147


=====================================================
weather_336_336_HourDay48_INDV2_custom_ftM_sl336_ll48_pl336_dm512_nh8_el2_dl1_df2048_fc1_ebtimeF_dtTrue_Exp_0  
0.68239325
0.19118826
0.1967329
0.23687625
0.45572048
0.106353536
0.1870699
0.09191219
0.17877752
0.18009211
0.25142345
0.0013069375
0.628652
0.41955152
0.06220023
1.050031
0.07210989
0.066756986
0.05639914
0.16675185
0.008205344


=====================================================
weather_336_720_HourDay48_INDV2_custom_ftM_sl336_ll48_pl720_dm512_nh8_el2_dl1_df2048_fc1_ebtimeF_dtTrue_Exp_0  
0.9494461
0.2574672
0.26389182
0.3246148
0.5450947
0.14282906
0.2448354
0.11732225
0.24542259
0.24677987
0.31831968
0.0013474022
0.65777695
0.42511854
0.059088357
1.0441827
0.074100934
0.07410623
0.060407903
0.22638492
0.016480548


=====================================================
weather_336_96_N_Linear_HourDay48__custom_ftM_sl336_ll48_pl96_dm512_nh8_el2_dl1_df2048_fc1_ebtimeF_dtTrue_Exp_0  
0.11536522
0.085838236
0.08762691
0.08859349
0.24252088
0.04087722
0.0664424
0.0602649
0.06771683
0.067624
0.09951797
0.0025231792
0.5771093
0.5758041
0.09093156
1.4081757
0.07657724
0.07106259
0.05334524
0.080189794
0.014611906


=====================================================
weather_336_192_N_Linear_HourDay48__custom_ftM_sl336_ll48_pl192_dm512_nh8_el2_dl1_df2048_fc1_ebtimeF_dtTrue_Exp_0  
0.32531196
0.12915163
0.13523166
0.141287
0.34683576
0.07554105
0.114600904
0.08133223
0.11330501
0.11206479
0.16144732
0.0020463602
0.6786121
0.58837676
0.10296525
1.3858664
0.08783189
0.07786645
0.06119969
0.11738502
0.04387027


=====================================================
weather_336_336_N_Linear_HourDay48__custom_ftM_sl336_ll48_pl336_dm512_nh8_el2_dl1_df2048_fc1_ebtimeF_dtTrue_Exp_0  
0.62095267
0.19483411
0.1946535
0.22013761
0.4180326
0.11355214
0.17630208
0.13693735
0.17821778
0.17684656
0.24590796
0.0018322497
0.74130636
0.5299001
0.12429524
1.5141289
0.091566496
0.06750512
0.05016277
0.161018
0.024553936


=====================================================
weather_336_720_N_Linear_HourDay48__custom_ftM_sl336_ll48_pl720_dm512_nh8_el2_dl1_df2048_fc1_ebtimeF_dtTrue_Exp_0  
0.9063319
0.26433823
0.27573344
0.30067593
0.4935633
0.14774697
0.2473769
0.14209297
0.24471553
0.24732842
0.32244152
0.0023305544
0.7661029
0.6809798
0.09993005
1.3239616
0.09194819
0.09680362
0.08635647
0.22388485
0.031284064


=====================================================
weather_336_96_Last_HourDay48_custom_ftM_sl336_ll48_pl96_dm512_nh8_el2_dl1_df2048_fc1_ebtimeF_dtTrue_Exp_0  
0.15629365
0.09035178
0.093964174
0.107372165
0.28606468
0.049300425
0.0785943
0.061409246
0.07865319
0.084337644
0.11578608
0.0015111555
0.5115897
0.39950815
0.06546572
1.0287642
0.0623679
0.058802765
0.04842911
0.08868024
0.010783558


=====================================================
weather_336_192_Last_HourDay48_custom_ftM_sl336_ll48_pl192_dm512_nh8_el2_dl1_df2048_fc1_ebtimeF_dtTrue_Exp_0  
0.41216844
0.13432862
0.14279878
0.1548793
0.36932278
0.072683565
0.12896813
0.07103101
0.12987264
0.12983069
0.17769149
0.0013383079
0.6023105
0.38262266
0.059197452
1.0458689
0.072560444
0.061236277
0.054915007
0.12805833
0.007034682


=====================================================
weather_336_336_Last_HourDay48_custom_ftM_sl336_ll48_pl336_dm512_nh8_el2_dl1_df2048_fc1_ebtimeF_dtTrue_Exp_0  
0.6833059
0.19106705
0.19674477
0.23769082
0.45402104
0.106479265
0.18655945
0.091902286
0.17876479
0.18000436
0.2512959
0.0013109563
0.62803423
0.4205381
0.061954614
1.0498503
0.07260552
0.06747374
0.056800768
0.1669241
0.008213679


=====================================================
weather_336_720_Last_HourDay48_custom_ftM_sl336_ll48_pl720_dm512_nh8_el2_dl1_df2048_fc1_ebtimeF_dtTrue_Exp_0  
0.9508189
0.25743905
0.2638553
0.3251435
0.54606515
0.14246933
0.2448559
0.117819145
0.24525008
0.24703747
0.31872675
0.0013397519
0.65803313
0.42537537
0.0588614
1.0440876
0.074842185
0.07467826
0.060758997
0.226062
0.016485667


=====================================================
weather_336_96_Last_Hour48_custom_ftM_sl336_ll48_pl96_dm512_nh8_el2_dl1_df2048_fc1_ebtimeF_dtTrue_Exp_0  
0.17186937
0.09080164
0.09607006
0.11799276
0.30953214
0.048781537
0.0771823
0.07149995
0.0788482
0.07799185
0.108542904
0.0022724424
0.5439667
0.41451
0.06693636
1.0438385
0.068880744
0.059521895
0.059349466
0.080585174
0.008183771


=====================================================
weather_336_192_Last_Hour48_custom_ftM_sl336_ll48_pl192_dm512_nh8_el2_dl1_df2048_fc1_ebtimeF_dtTrue_Exp_0  
0.40614608
0.13644418
0.140907
0.17697418
0.41637096
0.0794743
0.1232604
0.085712455
0.122886345
0.122176915
0.1759012
0.0019970825
0.6578227
0.4086621
0.059347473
1.0353965
0.072700635
0.07001058
0.06045015
0.12560388
0.0086723855


=====================================================
weather_336_96_NLinear_w_hourdayembed_custom_ftM_sl336_ll48_pl96_dm512_nh8_el2_dl1_df2048_fc1_ebtimeF_dtTrue_Exp_0  
0.07734009
0.08332714
0.0869751
0.08145134
0.23242062
0.042772885
0.06371243
0.04181453
0.06355818
0.063839875
0.10061938
0.0011626575
0.50379205
0.37194237
0.056825567
1.0593975
0.0398469
0.03533331
0.027928336
0.07021919
0.0019872377


=====================================================
weather_336_192_NLinear_w_hourdayembed_custom_ftM_sl336_ll48_pl192_dm512_nh8_el2_dl1_df2048_fc1_ebtimeF_dtTrue_Exp_0  
0.30290443
0.1224267
0.13210018
0.14808221
0.29017866
0.066563666
0.1240902
0.051234465
0.12411115
0.124251805
0.17165105
0.0011999701
0.58960813
0.3918405
0.05324885
1.0977199
0.04083285
0.03599522
0.028059037
0.10167678
0.0016388139


=====================================================
weather_336_336_NLinear_w_hourdayembed_custom_ftM_sl336_ll48_pl336_dm512_nh8_el2_dl1_df2048_fc1_ebtimeF_dtTrue_Exp_0  
0.63125956
0.19100021
0.20671622
0.23152441
0.33172157
0.10239948
0.19416758
0.058000114
0.19449052
0.19502732
0.2776084
0.0010752777
0.6285114
0.4144214
0.053953625
1.1101986
0.041349765
0.036103692
0.027357286
0.15202203
0.0017486901


=====================================================
weather_336_720_NLinear_w_hourdayembed_custom_ftM_sl336_ll48_pl720_dm512_nh8_el2_dl1_df2048_fc1_ebtimeF_dtTrue_Exp_0  
1.1431396
0.30131808
0.31796268
0.3582557
0.36104304
0.15328264
0.29872167
0.0659988
0.29866773
0.2993846
0.42000505
0.001000131
0.6525051
0.45238873
0.058535833
1.1602505
0.04456865
0.03880763
0.028291268
0.229981
0.0022088795


=====================================================
weather_336_96_NLinear_w_hourdayembed_3_custom_ftM_sl336_ll48_pl96_dm512_nh8_el2_dl1_df2048_fc1_ebtimeF_dtTrue_Exp_0  
0.07945539
0.07951629
0.0830851
0.08284104
0.2316596
0.04604732
0.064964436
0.043775164
0.06465414
0.064778306
0.09525384
0.00084733655
0.50246966
0.36529967
0.051002115
1.0428965
0.04120917
0.03651533
0.028238347
0.06930748
0.0014781597


=====================================================
weather_336_192_NLinear_w_hourdayembed_3_custom_ftM_sl336_ll48_pl192_dm512_nh8_el2_dl1_df2048_fc1_ebtimeF_dtTrue_Exp_0  
0.31205532
0.12109288
0.13026492
0.14555879
0.2895121
0.06638417
0.12188865
0.05133585
0.1219689
0.12225344
0.16872746
0.0010004815
0.60093075
0.38425317
0.05192502
1.0863453
0.040724915
0.036092777
0.027582498
0.102359176
0.0014194244


=====================================================
weather_336_336_NLinear_w_hourdayembed_3_custom_ftM_sl336_ll48_pl336_dm512_nh8_el2_dl1_df2048_fc1_ebtimeF_dtTrue_Exp_0  
0.62480015
0.18512982
0.2006616
0.22776096
0.3273896
0.09863138
0.19130673
0.058627218
0.19180049
0.19235115
0.27080843
0.0009716114
0.621942
0.40575707
0.052540336
1.0972189
0.0413394
0.036103804
0.029022468
0.14935173
0.0016837514


=====================================================
weather_336_720_NLinear_w_hourdayembed_3_custom_ftM_sl336_ll48_pl720_dm512_nh8_el2_dl1_df2048_fc1_ebtimeF_dtTrue_Exp_0  
1.1501375
0.3036676
0.3186167
0.35930955
0.35865128
0.15738586
0.2995297
0.06635743
0.2994387
0.3000513
0.41776982
0.0023850861
0.6453708
0.44796908
0.057074197
1.1350149
0.044799734
0.038945075
0.02847679
0.2338119
0.002259827


=====================================================
weather_336_96_TimeEmbed_custom_ftM_sl336_ll48_pl96_dm512_nh8_el2_dl1_df2048_fc1_ebtimeF_dtTrue_Exp_0  
0.17127378
0.091004215
0.0960091
0.11788197
0.3097272
0.048604686
0.07705732
0.0714222
0.07883403
0.077872775
0.108766735
0.002237619
0.54417074
0.41403306
0.066558965
1.04353
0.06827788
0.058915623
0.05879086
0.080457896
0.008140408


=====================================================
weather_336_96_N_TimeEmbed_custom_ftM_sl336_ll48_pl96_dm512_nh8_el2_dl1_df2048_fc1_ebtimeF_dtTrue_Exp_0  
0.079314254
0.079363175
0.082942024
0.082823575
0.23127769
0.045845676
0.06494138
0.043478075
0.06464313
0.06476259
0.09508613
0.00082658295
0.5025036
0.36509895
0.050964694
1.0428588
0.040794406
0.036122084
0.028034711
0.069139436
0.0013848699


=====================================================
weather_336_96_My_NLinear_custom_ftM_sl336_ll48_pl96_dm512_nh8_el2_dl1_df2048_fc1_ebtimeF_dtTrue_Exp_0  
0.07668317
0.07733541
0.080667466
0.08238479
0.23385708
0.04388131
0.06376993
0.043962665
0.0634261
0.06362376
0.09209194
0.001041863
0.5140164
0.37222278
0.05379567
1.056194
0.039224327
0.03488135
0.029110653
0.06874605
0.0014446601


=====================================================
weather_336_192_My_NLinear_custom_ftM_sl336_ll48_pl192_dm512_nh8_el2_dl1_df2048_fc1_ebtimeF_dtTrue_Exp_0  
0.31346565
0.11942589
0.12870543
0.14774194
0.28785717
0.0636083
0.12232592
0.050085407
0.1223292
0.12265882
0.16876705
0.0010085029
0.6129889
0.39262065
0.053226978
1.0982823
0.040105924
0.035336632
0.027389385
0.09959815
0.0013445067


=====================================================
weather_336_336_My_NLinear_custom_ftM_sl336_ll48_pl336_dm512_nh8_el2_dl1_df2048_fc1_ebtimeF_dtTrue_Exp_0  
0.6467176
0.18750545
0.20255929
0.22721389
0.32725775
0.10456569
0.19482844
0.057526104
0.1955876
0.19607764
0.2722654
0.0014422472
0.62850827
0.4126086
0.05366144
1.1173372
0.040557522
0.035325054
0.02696003
0.15130752
0.0017901217


=====================================================
weather_336_96_Nlin_SANITY_custom_ftM_sl336_ll48_pl96_dm512_nh8_el2_dl1_df2048_fc1_ebtimeF_dtTrue_Exp_0  
0.08106927
0.07974171
0.08318238
0.08152871
0.22903384
0.043736897
0.06347721
0.041953232
0.06321795
0.06340633
0.096087374
0.00085838715
0.5089041
0.36450583
0.05076203
1.0355053
0.03926977
0.034805838
0.027399315
0.071404114
0.001346153


=====================================================
weather_336_192_Nlin_SANITY_custom_ftM_sl336_ll48_pl192_dm512_nh8_el2_dl1_df2048_fc1_ebtimeF_dtTrue_Exp_0  
0.29451418
0.120315336
0.12964328
0.1452668
0.2898698
0.06500622
0.119853266
0.051150456
0.11972288
0.12007086
0.16795981
0.0009245984
0.60196877
0.38353172
0.05318387
1.0836803
0.040198613
0.03568478
0.029029043
0.10089012
0.0013493218


=====================================================
weather_336_336_Nlin_SANITY_custom_ftM_sl336_ll48_pl336_dm512_nh8_el2_dl1_df2048_fc1_ebtimeF_dtTrue_Exp_0  
0.63928896
0.19128942
0.20726705
0.22803792
0.32560346
0.10098102
0.19280861
0.057774615
0.19310446
0.19365956
0.27989525
0.0011846331
0.63712466
0.40540472
0.052605003
1.1047798
0.0415506
0.03643345
0.02741991
0.15401551
0.0014771877


=====================================================
weather_336_720_Nlin_SANITY_custom_ftM_sl336_ll48_pl720_dm512_nh8_el2_dl1_df2048_fc1_ebtimeF_dtTrue_Exp_0  
1.1491135
0.29890773
0.31649315
0.36761835
0.3624937
0.15224569
0.30479452
0.06455352
0.30469105
0.3054265
0.41868082
0.0011072333
0.63800645
0.447941
0.054676715
1.1431161
0.043002114
0.037351575
0.027821267
0.22902125
0.0018693932


=====================================================
weather_336_96_Nlin_SANITY_custom_ftM_sl336_ll48_pl96_dm512_nh8_el2_dl1_df2048_fc1_ebtimeF_dtTrue_Exp_0  
0.08106927
0.07974171
0.08318238
0.08152871
0.22903384
0.043736897
0.06347721
0.041953232
0.06321795
0.06340633
0.096087374
0.00085838715
0.5089041
0.36450583
0.05076203
1.0355053
0.03926977
0.034805838
0.027399315
0.071404114
0.001346153


=====================================================
weather_336_192_Nlin_SANITY_custom_ftM_sl336_ll48_pl192_dm512_nh8_el2_dl1_df2048_fc1_ebtimeF_dtTrue_Exp_0  
0.29451418
0.120315336
0.12964328
0.1452668
0.2898698
0.06500622
0.119853266
0.051150456
0.11972288
0.12007086
0.16795981
0.0009245984
0.60196877
0.38353172
0.05318387
1.0836803
0.040198613
0.03568478
0.029029043
0.10089012
0.0013493218


=====================================================
weather_336_336_Nlin_SANITY_custom_ftM_sl336_ll48_pl336_dm512_nh8_el2_dl1_df2048_fc1_ebtimeF_dtTrue_Exp_0  
0.63928896
0.19128942
0.20726705
0.22803792
0.32560346
0.10098102
0.19280861
0.057774615
0.19310446
0.19365956
0.27989525
0.0011846331
0.63712466
0.40540472
0.052605003
1.1047798
0.0415506
0.03643345
0.02741991
0.15401551
0.0014771877


=====================================================
weather_336_720_Nlin_SANITY_custom_ftM_sl336_ll48_pl720_dm512_nh8_el2_dl1_df2048_fc1_ebtimeF_dtTrue_Exp_0  
1.1491135
0.29890773
0.31649315
0.36761835
0.3624937
0.15224569
0.30479452
0.06455352
0.30469105
0.3054265
0.41868082
0.0011072333
0.63800645
0.447941
0.054676715
1.1431161
0.043002114
0.037351575
0.027821267
0.22902125
0.0018693932


=====================================================
weather_336_96_SinuEmbed_custom_ftM_sl336_ll48_pl96_dm512_nh8_el2_dl1_df2048_fc1_ebtimeF_dtTrue_Exp_0  
0.1826133
0.09803882
0.10499811
0.10395318
0.3003714
0.051290035
0.07916748
0.06850789
0.078384794
0.07975866
0.11364515
0.0025664284
0.53581816
0.41406083
0.056660607
1.0099137
0.060080897
0.05381055
0.04634214
0.09228706
0.0069336127


=====================================================
weather_336_192_SinuEmbed_custom_ftM_sl336_ll48_pl192_dm512_nh8_el2_dl1_df2048_fc1_ebtimeF_dtTrue_Exp_0  
0.4612058
0.13092032
0.13942526
0.1651108
0.34856305
0.08368435
0.12670879
0.08103971
0.12748449
0.13015933
0.18089877
0.0012741651
0.5744711
0.40563467
0.06146186
1.054339
0.06675615
0.06449958
0.058168136
0.12374885
0.0061350446


=====================================================
weather_336_336_SinuEmbed_custom_ftM_sl336_ll48_pl336_dm512_nh8_el2_dl1_df2048_fc1_ebtimeF_dtTrue_Exp_0  
0.67301595
0.19454148
0.19911464
0.24150574
0.4686582
0.107257605
0.18722121
0.090136185
0.18924753
0.18593156
0.27187514
0.0018238189
0.6479069
0.3981093
0.061880898
1.0586984
0.07119189
0.06655036
0.053901378
0.16257156
0.0071000927


=====================================================
weather_336_720_SinuEmbed_custom_ftM_sl336_ll48_pl720_dm512_nh8_el2_dl1_df2048_fc1_ebtimeF_dtTrue_Exp_0  
0.96585
0.25868243
0.25927362
0.32085013
0.6206924
0.1548121
0.24885614
0.12789957
0.2449423
0.24853581
0.3233774
0.0013583013
0.6572719
0.41096222
0.060018603
1.0413051
0.07382569
0.073110044
0.05572263
0.22269778
0.015379208


=====================================================
weather_336_96_Vanilla_N_custom_ftM_sl336_ll48_pl96_dm512_nh8_el2_dl1_df2048_fc1_ebtimeF_dtTrue_Exp_0  
0.07668317
0.07733541
0.080667466
0.08238479
0.23385708
0.04388131
0.06376993
0.043962665
0.0634261
0.06362376
0.09209194
0.001041863
0.5140164
0.37222278
0.05379567
1.056194
0.039224327
0.03488135
0.029110653
0.06874605
0.0014446601


=====================================================
weather_336_192_Vanilla_N_custom_ftM_sl336_ll48_pl192_dm512_nh8_el2_dl1_df2048_fc1_ebtimeF_dtTrue_Exp_0  
0.31346565
0.11942589
0.12870543
0.14774194
0.28785717
0.0636083
0.12232592
0.050085407
0.1223292
0.12265882
0.16876705
0.0010085029
0.6129889
0.39262065
0.053226978
1.0982823
0.040105924
0.035336632
0.027389385
0.09959815
0.0013445067


=====================================================
weather_336_336_Vanilla_N_custom_ftM_sl336_ll48_pl336_dm512_nh8_el2_dl1_df2048_fc1_ebtimeF_dtTrue_Exp_0  
0.6467176
0.18750545
0.20255929
0.22721389
0.32725775
0.10456569
0.19482844
0.057526104
0.1955876
0.19607764
0.2722654
0.0014422472
0.62850827
0.4126086
0.05366144
1.1173372
0.040557522
0.035325054
0.02696003
0.15130752
0.0017901217


=====================================================
weather_336_96_N_Zeroedembed_custom_ftM_sl336_ll48_pl96_dm512_nh8_el2_dl1_df2048_fc1_ebtimeF_dtTrue_Exp_0  
0.08106927
0.07974171
0.08318238
0.08152871
0.22903384
0.043736897
0.06347721
0.041953232
0.06321795
0.06340633
0.096087374
0.00085838715
0.5089041
0.36450583
0.05076203
1.0355053
0.03926977
0.034805838
0.027399315
0.071404114
0.001346153


=====================================================
weather_336_192_N_Zeroedembed_custom_ftM_sl336_ll48_pl192_dm512_nh8_el2_dl1_df2048_fc1_ebtimeF_dtTrue_Exp_0  
0.29451418
0.120315336
0.12964328
0.1452668
0.2898698
0.06500622
0.119853266
0.051150456
0.11972288
0.12007086
0.16795981
0.0009245984
0.60196877
0.38353172
0.05318387
1.0836803
0.040198613
0.03568478
0.029029043
0.10089012
0.0013493218


=====================================================
weather_336_336_N_Zeroedembed_custom_ftM_sl336_ll48_pl336_dm512_nh8_el2_dl1_df2048_fc1_ebtimeF_dtTrue_Exp_0  
0.63928896
0.19128942
0.20726705
0.22803792
0.32560346
0.10098102
0.19280861
0.057774615
0.19310446
0.19365956
0.27989525
0.0011846331
0.63712466
0.40540472
0.052605003
1.1047798
0.0415506
0.03643345
0.02741991
0.15401551
0.0014771877


=====================================================
weather_336_720_N_Zeroedembed_custom_ftM_sl336_ll48_pl720_dm512_nh8_el2_dl1_df2048_fc1_ebtimeF_dtTrue_Exp_0  
1.1491135
0.29890773
0.31649315
0.36761835
0.3624937
0.15224569
0.30479452
0.06455352
0.30469105
0.3054265
0.41868082
0.0011072333
0.63800645
0.447941
0.054676715
1.1431161
0.043002114
0.037351575
0.027821267
0.22902125
0.0018693932


=====================================================
weather_336_96_HourEmbedMix_custom_ftM_sl336_ll48_pl96_dm512_nh8_el2_dl1_df2048_fc1_ebtimeF_dtTrue_Exp_0  
0.19615003
0.09803553
0.09488715
0.106043555
0.37092826
0.06488835
0.07610604
0.08007351
0.0768994
0.077832706
0.107858606
0.001542239
0.5134548
0.372515
0.060225952
1.0220468
0.07840396
0.06630995
0.078539014
0.101621315
0.007332997


=====================================================
weather_336_192_HourEmbedMix_custom_ftM_sl336_ll48_pl192_dm512_nh8_el2_dl1_df2048_fc1_ebtimeF_dtTrue_Exp_0  
0.40798357
0.13210398
0.13988066
0.1767683
0.3618055
0.07612318
0.124420136
0.07448005
0.12698105
0.12565847
0.17502718
0.0016725842
0.6009327
0.39404443
0.06430199
1.0339153
0.07863731
0.07887833
0.06447836
0.12435208
0.005260259


=====================================================
weather_336_336_HourEmbedMix_custom_ftM_sl336_ll48_pl336_dm512_nh8_el2_dl1_df2048_fc1_ebtimeF_dtTrue_Exp_0  
0.69314677
0.18222916
0.19483313
0.22331074
0.41205463
0.10953474
0.18012466
0.08585253
0.1788629
0.17862278
0.25389478
0.001310923
0.6505399
0.4188963
0.059513748
1.0407629
0.072307974
0.069896996
0.056238066
0.15656848
0.0104270335


=====================================================
weather_336_720_HourEmbedMix_custom_ftM_sl336_ll48_pl720_dm512_nh8_el2_dl1_df2048_fc1_ebtimeF_dtTrue_Exp_0  
0.92653203
0.25595218
0.26115546
0.32611078
0.52300954
0.15032713
0.25326627
0.10295327
0.24943464
0.2525461
0.32332903
0.0014606758
0.6703293
0.42201623
0.058317527
1.0237268
0.08291895
0.085256524
0.06626074
0.22181967
0.016309312


=====================================================
weather_336_96_HourEmbedMix_custom_ftM_sl336_ll48_pl96_dm512_nh8_el2_dl1_df2048_fc1_ebtimeF_dtTrue_Exp_0  
0.19615002
0.098035514
0.09488716
0.106043525
0.37092823
0.064888366
0.076106034
0.0800735
0.0768994
0.07783271
0.10785861
0.0015422391
0.51345485
0.372515
0.060225964
1.0220467
0.07840396
0.06630996
0.078539014
0.10162129
0.007332998


=====================================================
weather_336_192_HourEmbedMix_custom_ftM_sl336_ll48_pl192_dm512_nh8_el2_dl1_df2048_fc1_ebtimeF_dtTrue_Exp_0  
0.40798354
0.13210398
0.13988069
0.17676835
0.3618056
0.076123185
0.12442013
0.074480034
0.12698105
0.12565845
0.17502719
0.0016725842
0.60093266
0.39404437
0.06430198
1.0339154
0.07863731
0.07887832
0.06447836
0.12435209
0.005260259


=====================================================
weather_336_336_HourEmbedMix_custom_ftM_sl336_ll48_pl336_dm512_nh8_el2_dl1_df2048_fc1_ebtimeF_dtTrue_Exp_0  
0.6931467
0.18222915
0.19483313
0.22331077
0.41205466
0.109534726
0.18012463
0.08585254
0.1788629
0.17862278
0.25389472
0.001310923
0.6505399
0.41889632
0.059513748
1.0407629
0.072307974
0.06989701
0.056238055
0.15656847
0.0104270335


=====================================================
weather_336_720_HourEmbedMix_custom_ftM_sl336_ll48_pl720_dm512_nh8_el2_dl1_df2048_fc1_ebtimeF_dtTrue_Exp_0  
0.9265321
0.25595224
0.26115546
0.32611078
0.52300954
0.15032716
0.2532663
0.10295325
0.24943464
0.25254604
0.32332897
0.0014606758
0.6703292
0.42201614
0.05831753
1.0237268
0.08291896
0.085256524
0.066260725
0.22181968
0.016309308


=====================================================
weather_336_96_SeparateEmbd_N_custom_ftM_sl336_ll48_pl96_dm512_nh8_el2_dl1_df2048_fc1_ebtimeF_dtTrue_Exp_0  
0.090183295
0.07558979
0.078633904
0.08197998
0.22529042
0.04405226
0.06642483
0.045719244
0.06612944
0.06613355
0.0917842
0.00095792057
0.4995804
0.36716723
0.051676285
1.0460328
0.041328754
0.03650971
0.029143564
0.06572717
0.0020649945


=====================================================
weather_336_192_SeparateEmbd_N_custom_ftM_sl336_ll48_pl192_dm512_nh8_el2_dl1_df2048_fc1_ebtimeF_dtTrue_Exp_0  
0.30108866
0.12166134
0.13190779
0.14745222
0.28969482
0.06746745
0.12136371
0.054131307
0.12118209
0.12174571
0.1725352
0.001220078
0.5870788
0.38518292
0.05924438
1.0788378
0.044029433
0.03903298
0.029714517
0.103577375
0.0020734163


=====================================================
weather_336_336_SeparateEmbd_N_custom_ftM_sl336_ll48_pl336_dm512_nh8_el2_dl1_df2048_fc1_ebtimeF_dtTrue_Exp_0  
0.6337437
0.18425725
0.19997643
0.22999428
0.32558048
0.10029367
0.19739278
0.06163887
0.1981932
0.19855103
0.27315384
0.0014470831
0.6424324
0.4086396
0.05295282
1.1005051
0.04363741
0.038411036
0.02985401
0.14880125
0.002101707


=====================================================
weather_336_720_SeparateEmbd_N_custom_ftM_sl336_ll48_pl720_dm512_nh8_el2_dl1_df2048_fc1_ebtimeF_dtTrue_Exp_0  
1.1555656
0.29248405
0.30995405
0.35756063
0.36574408
0.15022752
0.30140772
0.07294802
0.30104652
0.30194956
0.41622528
0.0015811815
0.6491131
0.4521145
0.05470641
1.1540391
0.0534192
0.046927944
0.03276615
0.22295551
0.00254077


=====================================================
weather_336_96_Mixer_custom_ftM_sl336_ll48_pl96_dm512_nh8_el2_dl1_df2048_fc1_ebtimeF_dtTrue_Exp_0  
0.13206603
0.12221589
0.12146431
0.08989031
0.33046496
0.058604788
0.067368455
0.07630827
0.06611728
0.06665527
0.14025232
0.000977797
0.6377464
0.49855134
0.09207905
1.7243975
0.1686281
0.16433932
0.119114265
0.12543926
0.0037842456


=====================================================
weather_336_192_Mixer_custom_ftM_sl336_ll48_pl192_dm512_nh8_el2_dl1_df2048_fc1_ebtimeF_dtTrue_Exp_0  
0.3880004
0.15631786
0.16003497
0.1514541
0.39782256
0.08155718
0.12159535
0.08551107
0.12170461
0.121124245
0.2064101
0.001070948
0.8047835
0.662917
0.09531094
1.897669
0.15466632
0.146996
0.11607159
0.14979532
0.0015732389


=====================================================
weather_336_336_Mixer_custom_ftM_sl336_ll48_pl336_dm512_nh8_el2_dl1_df2048_fc1_ebtimeF_dtTrue_Exp_0  
0.7432529
0.22589126
0.2390026
0.23697996
0.4668199
0.121133566
0.19414316
0.11082953
0.19356701
0.19722173
0.32187027
0.0013171167
0.9044639
0.5595463
0.097497925
1.9562714
0.1667236
0.15674743
0.11307395
0.2052921
0.0022792383


=====================================================
weather_336_720_Mixer_custom_ftM_sl336_ll48_pl720_dm512_nh8_el2_dl1_df2048_fc1_ebtimeF_dtTrue_Exp_0  
1.2887858
0.35997096
0.36973113
0.3998292
0.4939136
0.19040403
0.33283836
0.11723725
0.3395637
0.34162194
0.45828786
0.0012407512
0.8863373
0.59551895
0.10150717
1.9617983
0.17675324
0.20462772
0.1274691
0.2983436
0.0040934794


=====================================================
weather_336_96_Mixer_custom_ftM_sl336_ll48_pl96_dm512_nh8_el2_dl1_df2048_fc1_ebtimeF_dtTrue_Exp_0  
0.12192862
0.08456875
0.08301446
0.08779205
0.21646693
0.047238667
0.06680127
0.06423196
0.06774164
0.063088
0.09039104
0.0063894163
0.469842
0.3696633
0.058802523
1.0325958
0.05959541
0.05940989
0.04603607
0.07974075
0.008945794


=====================================================
weather_336_192_Mixer_custom_ftM_sl336_ll48_pl192_dm512_nh8_el2_dl1_df2048_fc1_ebtimeF_dtTrue_Exp_0  
0.3663689
0.1346877
0.13583174
0.1471018
0.29572383
0.07522175
0.124814995
0.07251119
0.11955616
0.11810774
0.16666993
0.007770512
0.578569
0.38962275
0.06344803
1.0664818
0.060249537
0.055190645
0.046518415
0.11851327
0.010292707


=====================================================
weather_336_336_Mixer_custom_ftM_sl336_ll48_pl336_dm512_nh8_el2_dl1_df2048_fc1_ebtimeF_dtTrue_Exp_0  
0.697631
0.21191959
0.23044482
0.23854798
0.3504458
0.1279149
0.19540317
0.10018304
0.19170398
0.19913961
0.29109907
0.009369844
0.6215028
0.42263404
0.063201234
1.1111933
0.06797947
0.058451854
0.04337922
0.18875283
0.011863291


=====================================================
weather_336_96_Mixer_custom_ftM_sl336_ll48_pl96_dm512_nh8_el2_dl1_df2048_fc1_ebtimeF_dtTrue_Exp_0  
0.13197418
0.124164656
0.11903487
0.09129365
0.32586864
0.060279235
0.06699626
0.07381824
0.06610447
0.06653784
0.1339381
0.0014804702
0.63922346
0.49073404
0.092078865
1.7023228
0.17584628
0.16344567
0.1224065
0.1269408
0.0024803595


=====================================================
weather_336_192_Mixer_custom_ftM_sl336_ll48_pl192_dm512_nh8_el2_dl1_df2048_fc1_ebtimeF_dtTrue_Exp_0  
0.37466565
0.15788507
0.16093192
0.15104866
0.39161158
0.08023395
0.12157081
0.0872228
0.12037303
0.121193476
0.20364761
0.0010965425
0.7964882
0.51177245
0.09647679
1.8754034
0.15823339
0.15345944
0.118223384
0.1520071
0.0025754955


=====================================================
weather_336_336_Mixer_custom_ftM_sl336_ll48_pl336_dm512_nh8_el2_dl1_df2048_fc1_ebtimeF_dtTrue_Exp_0  
0.7229464
0.22915463
0.23738304
0.23799086
0.449717
0.11965425
0.19520825
0.10831291
0.19362476
0.19542699
0.3248661
0.0012599685
0.8869503
0.53511775
0.09752519
1.9309466
0.17222522
0.15659754
0.122030266
0.20560959
0.0019156194


=====================================================
weather_336_720_Mixer_custom_ftM_sl336_ll48_pl720_dm512_nh8_el2_dl1_df2048_fc1_ebtimeF_dtTrue_Exp_0  
1.2768903
0.35759586
0.37318587
0.40628013
0.4893787
0.18483928
0.34327927
0.1333629
0.3423239
0.34550712
0.45700395
0.0012684251
0.890739
0.57880044
0.104367286
1.9400918
0.18878022
0.16697447
0.1287737
0.29987153
0.004025074


=====================================================
weather_336_96_Mixer_custom_ftM_sl336_ll48_pl96_dm512_nh8_el2_dl1_df2048_fc1_ebtimeF_dtTrue_Exp_0  
0.11244165
0.12138705
0.12515366
0.08584165
0.3423075
0.063098565
0.0652727
0.07469738
0.06488864
0.065355524
0.13893594
0.0008309794
0.6476285
0.48689395
0.09231038
1.7101054
0.15796827
0.15945597
0.11205826
0.122042395
0.0012641315


=====================================================
weather_336_192_Mixer_custom_ftM_sl336_ll48_pl192_dm512_nh8_el2_dl1_df2048_fc1_ebtimeF_dtTrue_Exp_0  
0.36771172
0.15970695
0.16580383
0.1508724
0.4002875
0.08230698
0.12428707
0.07968519
0.12373413
0.12425297
0.20859708
0.0010505874
0.8129115
0.5176166
0.09511348
1.8680027
0.14742878
0.14131673
0.102374144
0.14730603
0.0015244284


=====================================================
weather_336_336_Mixer_custom_ftM_sl336_ll48_pl336_dm512_nh8_el2_dl1_df2048_fc1_ebtimeF_dtTrue_Exp_0  
0.71629983
0.22599079
0.24014515
0.23334166
0.47676063
0.12140809
0.19862881
0.09861767
0.19866644
0.19855048
0.3240917
0.001186496
0.8947442
0.53717625
0.097292565
1.926832
0.15026382
0.14313419
0.10381384
0.20127489
0.0018345122


=====================================================
weather_336_96_Mixer_custom_ftM_sl336_ll48_pl96_dm512_nh8_el2_dl1_df2048_fc1_ebtimeF_dtTrue_Exp_0  
0.08514761
0.07579686
0.07853021
0.083283946
0.237591
0.04153135
0.06382232
0.044099446
0.06344235
0.06363696
0.09021289
0.001218731
0.51556206
0.36772028
0.057675015
1.0561081
0.041419357
0.03712461
0.030341912
0.06760322
0.0018814367


=====================================================
weather_336_192_Mixer_custom_ftM_sl336_ll48_pl192_dm512_nh8_el2_dl1_df2048_fc1_ebtimeF_dtTrue_Exp_0  
0.31687614
0.11996704
0.12933552
0.15066557
0.28781322
0.06323727
0.12283182
0.050075147
0.1227415
0.123248376
0.16949844
0.0011609972
0.6126025
0.38576877
0.055030838
1.0953408
0.041166298
0.036505364
0.02835895
0.099996634
0.0019026682


=====================================================
weather_336_96_Mixer5_custom_ftM_sl336_ll48_pl96_dm512_nh8_el2_dl1_df2048_fc1_ebtimeF_dtTrue_Exp_0  
0.07765352
0.07552157
0.07822279
0.08273936
0.22633563
0.041102365
0.064157456
0.04095379
0.063905805
0.06415063
0.08953945
0.0009801143
0.50109035
0.36848542
0.052969236
1.0528483
0.040565588
0.03623949
0.028611226
0.06652524
0.0015928703


=====================================================
weather_336_192_Mixer5_custom_ftM_sl336_ll48_pl192_dm512_nh8_el2_dl1_df2048_fc1_ebtimeF_dtTrue_Exp_0  
0.31687614
0.11996704
0.12933552
0.15066557
0.28781322
0.06323727
0.12283182
0.050075147
0.1227415
0.123248376
0.16949844
0.0011609972
0.6126025
0.38576877
0.055030838
1.0953408
0.041166298
0.036505364
0.02835895
0.099996634
0.0019026682


=====================================================
weather_336_336_Mixer5_custom_ftM_sl336_ll48_pl336_dm512_nh8_el2_dl1_df2048_fc1_ebtimeF_dtTrue_Exp_0  
0.6681623
0.18643461
0.20232825
0.22723219
0.3285769
0.10146133
0.19363917
0.057303082
0.19453862
0.19506027
0.27396622
0.0010498409
0.62736267
0.40669274
0.056852203
1.1241752
0.041988917
0.036884636
0.030499348
0.15104473
0.0029749712


=====================================================
weather_336_720_Mixer5_custom_ftM_sl336_ll48_pl720_dm512_nh8_el2_dl1_df2048_fc1_ebtimeF_dtTrue_Exp_0  
1.1557146
0.29675204
0.31376353
0.3605334
0.36621034
0.1505285
0.29945585
0.065748796
0.29922086
0.30012447
0.4176978
0.0012961782
0.6559506
0.4470909
0.055603705
1.1841042
0.043544583
0.037836116
0.027731575
0.22609158
0.0062238476


=====================================================
weather_336_96_My_NLinear_custom_ftM_sl336_ll48_pl96_dm512_nh8_el2_dl1_df2048_fc1_ebtimeF_dtTrue_Exp_0  
0.07627191
0.07559864
0.07895061
0.081503585
0.22345826
0.040878356
0.064048775
0.040164813
0.06378264
0.06395531
0.091829374
0.0007728085
0.50898653
0.3639939
0.05115605
1.0429013
0.03748725
0.03297159
0.025839986
0.06598359
0.0010347547


=====================================================
weather_336_192_My_NLinear_custom_ftM_sl336_ll48_pl192_dm512_nh8_el2_dl1_df2048_fc1_ebtimeF_dtTrue_Exp_0  
0.2899694
0.1195734
0.12854618
0.14541836
0.28452805
0.06451975
0.12125488
0.048813604
0.12130149
0.12158586
0.16615482
0.0007972529
0.5936865
0.38296354
0.051980294
1.0848492
0.038163066
0.033326782
0.02543797
0.10020895
0.0012141622


=====================================================
weather_336_336_My_NLinear_custom_ftM_sl336_ll48_pl336_dm512_nh8_el2_dl1_df2048_fc1_ebtimeF_dtTrue_Exp_0  
0.625316
0.18786404
0.2030315
0.22795074
0.3257969
0.10054571
0.19319199
0.056565374
0.19364926
0.19413543
0.27287093
0.0008027312
0.62693393
0.40449533
0.052606046
1.1020437
0.039009444
0.0337878
0.025608443
0.150098
0.0013796042


=====================================================
weather_336_96_N_TimeEmbed_custom_ftM_sl336_ll48_pl96_dm512_nh8_el2_dl1_df2048_fc1_ebtimeF_dtTrue_Exp_0  
0.09280692
0.07741943
0.08090723
0.08274196
0.23100518
0.045571376
0.06624113
0.049064215
0.06586522
0.06602769
0.09254881
0.0008949974
0.4879966
0.3659133
0.050988164
1.0395776
0.04219575
0.03740435
0.03065362
0.067743294
0.0018036817


=====================================================
weather_336_192_N_TimeEmbed_custom_ftM_sl336_ll48_pl192_dm512_nh8_el2_dl1_df2048_fc1_ebtimeF_dtTrue_Exp_0  
0.29453477
0.121924505
0.13086723
0.14592655
0.29446104
0.06880384
0.122078925
0.059014972
0.1220702
0.122347385
0.16728054
0.00094107125
0.59048074
0.3858126
0.051776428
1.0797596
0.048957348
0.0435655
0.033123035
0.102739386
0.0020992039


=====================================================
weather_336_96_N_TimeEmbed_SeparateDayHour_custom_ftM_sl336_ll48_pl96_dm512_nh8_el2_dl1_df2048_fc1_ebtimeF_dtTrue_Exp_0  
0.083845235
0.07850829
0.08208062
0.08202773
0.2327384
0.044738512
0.06630655
0.049266964
0.06597925
0.0662211
0.09503232
0.00089299044
0.49290553
0.36555246
0.051103868
1.0373055
0.04284381
0.03802431
0.030475155
0.06856645
0.002253083


=====================================================
weather_336_192_N_TimeEmbed_SeparateDayHour_custom_ftM_sl336_ll48_pl192_dm512_nh8_el2_dl1_df2048_fc1_ebtimeF_dtTrue_Exp_0  
0.3057854
0.12406159
0.13441187
0.14583871
0.29594752
0.0695054
0.12151239
0.058684554
0.1216217
0.12195124
0.17539194
0.0009830161
0.5825602
0.3858253
0.05183668
1.0820178
0.04843201
0.04298813
0.03288801
0.10391102
0.002377345


=====================================================
weather_336_96_Patch_custom_ftM_sl336_ll48_pl96_dm512_nh8_el2_dl1_df2048_fc1_ebtimeF_dtTrue_Exp_0  
0.08215625
0.07717313
0.08081143
0.08117669
0.22852562
0.04203436
0.06299832
0.041522637
0.06273962
0.062903255
0.0937054
0.0011906909
0.5019518
0.36455488
0.052363988
1.0388635
0.037223164
0.032592382
0.025726557
0.0683733
0.001766378


=====================================================
weather_336_192_Patch_custom_ftM_sl336_ll48_pl192_dm512_nh8_el2_dl1_df2048_fc1_ebtimeF_dtTrue_Exp_0  
0.29749656
0.11949961
0.12784408
0.14426404
0.28881004
0.06771862
0.11916645
0.04989816
0.119174264
0.11942877
0.16428606
0.0021495603
0.59518063
0.3850098
0.053056102
1.0854753
0.038501844
0.03367745
0.02676333
0.100872226
0.0015283654


=====================================================
weather_336_336_Patch_custom_ftM_sl336_ll48_pl336_dm512_nh8_el2_dl1_df2048_fc1_ebtimeF_dtTrue_Exp_0  
0.6434533
0.1950091
0.20959038
0.23515639
0.32686383
0.10423606
0.19534735
0.058107443
0.19452628
0.19505242
0.27842298
0.00087269413
0.6187009
0.4080559
0.05256587
1.1010087
0.039677046
0.03450882
0.026972743
0.15744841
0.0020936846


=====================================================
weather_336_96_Patch_II_custom_ftM_sl336_ll48_pl96_dm512_nh8_el2_dl1_df2048_fc1_ebtimeF_dtTrue_Exp_0  
0.074464984
0.075402245
0.07840838
0.08230094
0.22866938
0.04002166
0.06364914
0.040455166
0.06335333
0.0636171
0.090775795
0.0030047433
0.49915636
0.3669432
0.054006916
1.0340267
0.037648186
0.032904565
0.030106205
0.06650896
0.0015879471


=====================================================
weather_336_192_Patch_II_custom_ftM_sl336_ll48_pl192_dm512_nh8_el2_dl1_df2048_fc1_ebtimeF_dtTrue_Exp_0  
0.29826874
0.12074764
0.12962015
0.15155508
0.2883273
0.06548891
0.14825547
0.049602773
0.14989008
0.15062143
0.16782834
0.0031098016
0.58772814
0.38161623
0.05310468
1.0771666
0.04004756
0.035099097
0.027112203
0.10249734
0.0018831291


=====================================================
weather_336_336_Patch_II_custom_ftM_sl336_ll48_pl336_dm512_nh8_el2_dl1_df2048_fc1_ebtimeF_dtTrue_Exp_0  
0.62008697
0.1910251
0.20766313
0.23458105
0.33236533
0.099274345
0.20197304
0.05929073
0.2022256
0.20256211
0.28028664
0.008097951
0.6481914
0.40429473
0.053568773
1.0957041
0.040210992
0.03520302
0.03067513
0.15115096
0.0018702965


=====================================================
weather_336_720_Patch_II_custom_ftM_sl336_ll48_pl720_dm512_nh8_el2_dl1_df2048_fc1_ebtimeF_dtTrue_Exp_0  
1.1445495
0.29686373
0.31319362
0.36049694
0.36088294
0.15050587
0.30012175
0.06600337
0.29954028
0.30030885
0.41700605
0.005720509
0.6484323
0.44539487
0.0543667
1.1354648
0.044418976
0.03863545
0.02851793
0.2286448
0.0030035642


=====================================================
weather_336_96_Patch_II_32patchdim_custom_ftM_sl336_ll48_pl96_dm512_nh8_el2_dl1_df2048_fc1_ebtimeF_dtTrue_Exp_0  
0.08320483
0.076183386
0.07928977
0.08267933
0.22671293
0.041690893
0.063941345
0.04203461
0.063695066
0.063910335
0.092660785
0.00082049565
0.49967706
0.36186838
0.050429642
1.0338416
0.038950313
0.034186278
0.026719702
0.06671909
0.0013501494


=====================================================
weather_336_192_Patch_II_32patchdim_custom_ftM_sl336_ll48_pl192_dm512_nh8_el2_dl1_df2048_fc1_ebtimeF_dtTrue_Exp_0  
0.3071234
0.122417554
0.13166596
0.1470399
0.2903179
0.065506056
0.11964134
0.05071437
0.11954242
0.11982474
0.17185713
0.00087964936
0.59293807
0.38294032
0.050889555
1.0819348
0.039540533
0.034872092
0.027545264
0.10344366
0.0014779483


=====================================================
weather_336_336_Patch_II_32patchdim_custom_ftM_sl336_ll48_pl336_dm512_nh8_el2_dl1_df2048_fc1_ebtimeF_dtTrue_Exp_0  
0.628774
0.19269913
0.20815767
0.22659904
0.33651045
0.10449912
0.19032928
0.060328323
0.19048895
0.19120623
0.28089216
0.00088460697
0.62931436
0.40346533
0.05250047
1.0894084
0.04181833
0.036947623
0.028360073
0.15286689
0.0017307454


=====================================================
weather_336_96_RBF_Embed_custom_ftM_sl336_ll48_pl96_dm512_nh8_el2_dl1_df2048_fc1_ebtimeF_dtTrue_Exp_0  
0.09015518
0.07493135
0.0777526
0.082867905
0.22065498
0.040509515
0.06506317
0.04077761
0.06466933
0.06487274
0.090199195
0.00084214844
0.48973837
0.36489266
0.05246008
1.0403244
0.03910512
0.034627814
0.027242834
0.065154634
0.0015451902


=====================================================
weather_336_192_RBF_Embed_custom_ftM_sl336_ll48_pl192_dm512_nh8_el2_dl1_df2048_fc1_ebtimeF_dtTrue_Exp_0  
0.29517436
0.120824136
0.13001907
0.14600794
0.28221676
0.068119615
0.12011895
0.051357903
0.12003984
0.12036301
0.16664197
0.0009730516
0.5741729
0.38499832
0.05318287
1.0833573
0.040154096
0.03587548
0.02809061
0.09996887
0.0015111712


=====================================================
weather_336_96_RBF_Embed_10ep_custom_ftM_sl336_ll48_pl96_dm512_nh8_el2_dl1_df2048_fc1_ebtimeF_dtTrue_Exp_0  
0.08505377
0.076736465
0.07983852
0.08281896
0.2329057
0.043295592
0.06643145
0.047525898
0.06610078
0.06627941
0.091341786
0.0007553941
0.49419862
0.36579174
0.050810967
1.0375298
0.044817723
0.040031184
0.030318
0.066983104
0.0019594645


=====================================================
weather_336_96_RBF_Embed_custom_ftM_sl336_ll48_pl96_dm512_nh8_el2_dl1_df2048_fc1_ebtimeF_dtTrue_Exp_0  
0.09015518
0.07493135
0.0777526
0.082867905
0.22065498
0.040509515
0.06506317
0.04077761
0.06466933
0.06487274
0.090199195
0.00084214844
0.48973837
0.36489266
0.05246008
1.0403244
0.03910512
0.034627814
0.027242834
0.065154634
0.0015451902


=====================================================
weather_336_192_RBF_Embed_custom_ftM_sl336_ll48_pl192_dm512_nh8_el2_dl1_df2048_fc1_ebtimeF_dtTrue_Exp_0  
0.29517436
0.120824136
0.13001907
0.14600794
0.28221676
0.068119615
0.12011895
0.051357903
0.12003984
0.12036301
0.16664197
0.0009730516
0.5741729
0.38499832
0.05318287
1.0833573
0.040154096
0.03587548
0.02809061
0.09996887
0.0015111712


=====================================================
weather_336_336_RBF_Embed_custom_ftM_sl336_ll48_pl336_dm512_nh8_el2_dl1_df2048_fc1_ebtimeF_dtTrue_Exp_0  
0.6515894
0.1870028
0.20211141
0.22638524
0.33492315
0.10341431
0.1906669
0.061584678
0.19118513
0.19158529
0.27193683
0.0009594639
0.62460107
0.4065246
0.053278845
1.0999478
0.041718762
0.036629375
0.027962185
0.14925186
0.0016644147


=====================================================
weather_336_720_RBF_Embed_custom_ftM_sl336_ll48_pl720_dm512_nh8_el2_dl1_df2048_fc1_ebtimeF_dtTrue_Exp_0  
1.143794
0.3008193
0.31676108
0.36672425
0.3663024
0.15745625
0.31307298
0.07369627
0.31272194
0.3136572
0.41794634
0.0014372012
0.64909357
0.4485059
0.054521605
1.1390376
0.057353236
0.050384697
0.039648432
0.22915569
0.0021054302


=====================================================
